((("understand" .
   [1 0 0 0 0 0 0 0 0 0])
  ("One" .
   [1 0 0])
  ("avg-ell-artificial" .
   [0 0 0 1 0 0 0 0 0 0 0 0 0 0 0 0 0 0])
  ("artificial" .
   [1 0 0 0 0 0 0 0 0 0])
  ("pm" .
   [1 0])
  ("same" .
   [2 0 0 0])
  ("faster" .
   [1 0 0 0 0 0])
  ("fro" .
   [1 0 0])
  ("points" .
   [1 0 0 0 0 0])
  ("no" .
   [2 0])
  ("there" .
   [1 0 0 0 0])
  ("img/avgell" .
   [2 0 0 0 0 0 0 0 0 0])
  ("avg-ell-all" .
   [0 0 0 2 0 0 0 0 0 0 0])
  ("by" .
   [1 0])
  ("can" .
   [1 0 0])
  ("short" .
   [1 0 0 0 0])
  ("many" .
   [1 0 0 0])
  ("life" .
   [2 0 0 0])
  ("long" .
   [2 0 0 0])
  ("has" .
   [2 0 0])
  ("texttt" .
   [1 0 0 0 1 0])
  ("created" .
   [1 0 0 0 0 0 0])
  ("these" .
   [1 0 0 0 0])
  ("test" .
   [1 0 0 0])
  ("textit" .
   [2 0 0 0 0 0])
  ("means" .
   [1 0 0 0 0])
  ("than" .
   [1 0 0 0])
  ("higher" .
   [2 0 0 0 0 0])
  ("made" .
   [2 0 0 0])
  ("low" .
   [2 0 0])
  ("other" .
   [1 0 0 0 0])
  ("closer" .
   [2 0 0 0 0 0])
  ("becomes" .
   [1 0 0 0 0 0 0])
  ("avg-ell-sample" .
   [0 0 0 1 0 1 0 0 0 0 0 0 0 0])
  ("sample" .
   [2 0 0 0 0 0])
  ("label" .
   [2 0 0 0 0])
  ("Just" .
   [1 0 0 0])
  ("data" .
   [1 0 0 0])
  ("changes" .
   [1 0 0 0 0 0 0])
  ("To" .
   [2 0])
  ("histograms-with-ma2" .
   [0 0 0 0 0 1 0 0 0 0 0 0 0 0 0 0 0 0 0])
  ("ref" .
   [8 0 0])
  ("newpage" .
   [0 0 0 0 1 1 0])
  ("textheight" .
   [0 0 0 0 0 0 1 0 0 0])
  ("textwidth" .
   [0 0 0 0 3 0 2 1 0])
  ("width=" .
   [0 0 0 4 1 1])
  ("usepackage" .
   [0 0 0 0 0 0 0 0 1 1])
  ("frac " .
   [0 0 0 0 1])
  ("right" .
   [11 0 0 0 0])
  ("left" .
   [6 0 0 1])
  ("sum ∑" .
   [0 0 0 1 0])
  ("infty ∞" .
   [0 0 0 1 1 0 0])
  ("int ∫" .
   [0 0 0 1 0])
  ("pi π" .
   [0 0 2 0])
  ("equation" .
   [0 0 0 1 1 0 0 0])
  ("end" .
   [1 0 0])
  ("begin" .
   [1 0 1 0 0])
  ("omega ω" .
   [0 0 0 2 0 0 0])
  ("org-m" .
   [0 0 0 0 1])
  ("nil" .
   [1 0 0])
  ("eta η" .
   [0 0 1 0 0])
  ("Omega Ω" .
   [0 0 0 0 1 0 0])
  ("mathcal" .
   [0 0 0 0 0 0 1])
  ("scale=0" .
   [2 0 0 0 0 0 0])
  ("subsection" .
   [0 0 0 0 0 2 0 0 0 0])
  ("distribution" .
   [5 0 0 0 0 0 0 0 0 0 0 0])
  ("The" .
   [7 0 0])
  ("step" .
   [1 0 0 0])
  ("the" .
   [13 0 0])
  ("analysis" .
   [1 0 0 0 0 0 0 0])
  ("looking" .
   [2 0 0 0 0 0 0])
  ("cumulative" .
   [1 0 0 0 0 0 0 0 0 0])
  ("ell" .
   [17 0 0])
  ("idea" .
   [1 0 0 0])
  ("is" .
   [6 0])
  ("to" .
   [27 0])
  ("know" .
   [2 0 0 0])
  ("that" .
   [10 0 0 0])
  ("maximum" .
   [2 0 0 0 0 0 0])
  ("curve" .
   [1 0 0 0 0])
  ("will" .
   [2 0 0 0])
  ("number" .
   [3 0 0 0 0 0])
  ("alters" .
   [14 0 0 0 0 0])
  ("or" .
   [3 0])
  ("of" .
   [8 0])
  ("calls" .
   [12 0 0 0 0])
  ("If" .
   [1 0])
  ("we" .
   [4 0])
  ("axis" .
   [2 0 0 0])
  ("obtain" .
   [1 0 0 0 0 0])
  ("value" .
   [1 0 0 0 0])
  ("It" .
   [1 0])
  ("represents" .
   [1 0 0 0 0 0 0 0 0 0])
  ("an" .
   [1 0])
  ("in" .
   [9 0])
  ("which" .
   [2 0 0 0 0])
  ("This" .
   [5 0 0 0])
  ("clearer" .
   [0 0 0 0 1 0 0])
  ("Figure" .
   [7 0 0 0 0 0])
  ("includegraphics" .
   [0 0 0 0 0 1 0 4 0 0 0 0 0 0 0])
  ("png" .
   [6 0 0])
  ("width=0" .
   [1 0 0 0 0 0 0])
  ("cumell-example" .
   [0 0 0 1 1 0 0 0 0 0 0 0 0 0])
  ("For" .
   [2 0 0])
  ("with" .
   [12 0 0 0])
  ("shows" .
   [7 0 0 0 0])
  ("this" .
   [2 0 0 0])
  ("ego" .
   [2 0 0])
  ("egos" .
   [8 0 0 0])
  ("have" .
   [2 0 0 0])
  ("leq" .
   [1 0 0])
  ("and" .
   [3 0 0])
  ("are" .
   [3 0 0])
  ("from" .
   [5 0 0 0])
  ("results" .
   [4 0 0 0 0 0 0])
  ("only" .
   [2 0 0 0])
  ("show" .
   [1 0 0 0])
  ("happens" .
   [2 0 0 0 0 0 0])
  ("ell-forall" .
   [0 0 0 1 0 0 0 0 0 0])
  ("all" .
   [3 0 0])
  ("different" .
   [4 0 0 0 0 0 0 0 0])
  ("values" .
   [5 0 0 0 0 0])
  ("plot" .
   [3 0 0 0])
  ("for" .
   [9 0 0])
  ("alter" .
   [3 0 0 0 0])
  ("histogram" .
   [3 0 0 0 0 0 0 0 0])
  ("as" .
   [2 0])
  ("move" .
   [1 0 0 0])
  ("what" .
   [1 0 0 0])
  ("obtained" .
   [1 0 0 0 0 0 0 0])
  ("In" .
   [2 0])
  ("Regardless" .
   [0 0 0 0 1 0 0 0 1 0])
  ("increase" .
   [2 0 0 0 0 0 0 0])
  ("mass" .
   [1 0 0 0])
  ("suggest" .
   [1 0 0 0 0 0 0])
  ("make" .
   [2 0 0 0])
  ("but" .
   [1 0 0])
  ("tend" .
   [3 0 0 0])
  ("call" .
   [2 0 0 0])
  ("more" .
   [3 0 0 0])
  ("those" .
   [2 0 0 0 0])
  ("rangle" .
   [7 0 0 0 0 0])
  ("use-package" .
   [1 0 0 0 1 0 0 0 0 0 0])
  ("yasnippet" .
   [1 0 0 0 0 0 0 0 0])
  (":ensure" .
   [2 0 0 0 0 0 0])
  ("t" .
   [2])
  (":config" .
   [1 0 0 0 0 0 0])
  ("yas-reload-all" .
   [0 0 0 0 0 0 1 0 0 0 0 0 0 0])))
